Number of nodes: 4

Node 0
Last Update Date: 2024-01-15
Words set: 1
number_words = 5
3-G 0 Y 
4-T T W n 
2-S u 
6-V c A v T h 
5-j 8 O b r 
UFP6:
13-1 0 1 0 1 0 0 1 1 1 1 0 0 
23-1 1 0 1 1 1 1 1 0 1 1 1 1 1 1 0 1 0 1 0 1 1 1 
11-1 1 0 1 1 0 1 1 1 1 0 
32-1 1 1 0 0 1 1 1 0 0 1 0 0 1 0 0 1 1 1 1 1 1 1 0 1 1 1 1 0 0 0 1 
24-1 0 0 1 1 1 0 0 0 1 1 0 0 1 0 1 0 1 1 1 1 0 1 1 
Words set: 2
number_words = 5
3-V d 2 
4-Y o g V 
5-m Z 9 q Z 
2-g 8 
1-s 
UFP6:
12-1 1 1 0 0 1 1 1 0 1 1 0 
22-1 1 1 1 0 0 1 1 0 0 0 1 0 0 0 0 1 1 1 0 0 1 
26-1 0 1 1 0 1 1 1 1 0 1 1 0 0 1 1 1 0 1 0 1 1 1 1 0 1 
9-1 0 0 0 0 1 0 0 0 
5-1 1 1 0 0 

Node 1
Last Update Date: 2023-11-25
Words set: 1
number_words = 5
3-e N v 
7-r X 4 6 Y v y 
3-K 7 U 
2-l e 
3-Q I A 
UFP6:
15-1 1 1 0 1 1 0 0 0 1 1 1 1 1 1 
34-1 1 0 1 1 1 1 1 0 1 1 1 0 0 1 1 0 1 1 1 1 0 0 1 1 1 1 1 1 0 0 0 1 0 
15-1 0 1 1 1 0 1 1 1 1 1 1 0 0 0 
9-1 0 1 0 1 1 1 1 0 
18-1 1 0 1 0 0 1 0 1 1 0 0 1 0 0 1 0 0 
Words set: 2
number_words = 5
3-D N i 
6-z 6 V F 7 k 
6-g P N v r R 
4-w n x W 
4-0 f K p 
UFP6:
17-1 0 0 1 1 1 1 1 0 0 0 1 1 0 0 1 0 
29-1 0 0 0 1 1 1 1 0 1 1 1 0 0 1 1 0 1 0 0 1 1 1 1 1 0 1 0 0 
33-1 0 0 0 0 1 1 0 0 1 1 1 1 0 0 0 1 1 1 1 1 1 1 1 0 1 1 1 1 0 1 0 1 
23-1 0 0 0 0 0 1 0 1 1 1 1 0 0 0 0 1 1 1 1 0 1 0 
16-0 1 1 1 1 1 0 1 1 1 0 1 1 0 0 1 

Node 2
Last Update Date: 2023-10-01
Words set: 1
number_words = 5
3-r O T 
5-O p D P o 
2-Z H 
6-X a J D 6 T 
6-J r A c 1 d 
UFP6:
17-1 1 0 1 1 1 1 0 0 1 0 1 1 0 1 1 1 
28-1 1 0 0 1 0 1 1 0 0 1 1 0 0 1 1 1 1 1 0 0 1 1 1 1 0 0 0 
12-1 1 1 1 0 1 1 0 1 0 1 1 
31-1 1 1 0 1 1 1 0 1 0 1 0 1 1 0 1 1 0 0 1 1 1 1 1 0 1 1 0 1 1 1 
26-1 0 1 1 0 1 1 1 0 1 1 1 0 0 1 0 0 1 1 0 0 1 1 1 0 1 
Words set: 2
number_words = 5
3-B B B 
5-S 4 a R 3 
6-k b M r z t 
2-y a 
1-Z 
UFP6:
18-1 0 0 1 0 1 1 0 0 1 0 1 1 0 0 1 0 1 
21-1 1 0 1 1 0 1 0 0 1 0 1 0 1 1 0 1 0 1 1 1 
31-1 0 1 0 0 1 0 1 1 1 1 0 0 0 0 1 1 0 1 1 1 0 0 0 1 1 1 1 1 0 1 
10-1 0 0 0 1 0 1 0 1 0 
6-1 1 1 1 0 1 

Node 3
Last Update Date: 2022-11-24
Words set: 1
number_words = 5
3-X p J 
6-F q 0 J q Z 
2-f t 
1-l 
1-c 
UFP6:
17-1 1 1 0 1 1 1 1 0 0 1 1 0 1 1 0 1 
29-1 0 1 0 0 1 1 1 0 1 0 0 1 0 1 1 0 1 1 1 0 1 0 1 1 1 1 0 1 
9-1 1 1 1 1 1 1 0 1 
5-1 0 1 0 1 
4-1 1 0 0 
Words set: 2
number_words = 5
3-2 N 6 
5-H g M f f 
6-a Z T u 7 x 
4-u d 3 u 
4-g 6 8 t 
UFP6:
11-1 0 1 1 0 0 0 1 1 1 0 
25-1 0 1 0 1 1 1 0 0 0 0 1 1 0 0 0 0 1 1 1 1 1 1 1 1 
30-1 0 1 0 1 1 1 1 0 1 1 1 0 1 1 1 1 1 1 1 0 1 1 1 1 0 0 0 0 1 
16-1 1 1 1 0 1 1 0 1 1 1 1 1 1 1 0 
17-1 0 0 0 0 1 1 0 1 0 0 0 1 1 1 0 1 
