Words set: number_words = 5
3 p o r 
3 q q a 
6 h c i r o x 
5 a c b a u 
3 e z h 
15 1 1 0 0 1 1 1 0 0 0 1 1 0 1 1
14 1 1 0 1 0 1 1 0 1 0 1 0 1 0
30 1 0 0 0 1 1 1 0 0 1 0 0 1 0 1 1 0 1 1 1 1 0 0 0 1 0 0 0 0 1
21 1 0 1 0 1 1 0 0 1 0 1 1 1 0 1 0 1 1 1 1 0
15 1 1 1 0 1 0 0 0 1 1 1 0 0 0 1
Words set: number_words = 5
1 a 
6 f z a j y b 
5 v q a y x 
6 b s w n o x 
5 x z g s k 
4 1 0 1 0
29 1 1 1 1 1 0 0 0 1 1 1 0 1 0 1 0 0 1 1 1 0 0 0 1 0 1 0 1 1
26 1 1 1 1 1 1 1 0 1 0 1 0 1 0 1 0 0 0 1 0 1 0 0 0 0 1
31 1 0 1 1 1 1 1 0 0 1 0 0 0 0 0 1 0 1 1 1 1 1 0 0 0 1 0 0 0 0 1
27 1 0 0 0 0 1 1 0 0 0 1 1 1 0 0 0 0 1 1 1 0 0 1 0 1 0 0
Words set: number_words = 5
1 g 
3 p z p 
4 g e r s 
5 h i h l m 
6 t i d d x q 
5 1 0 0 0 0
16 1 1 0 0 1 1 0 0 0 1 1 1 1 0 0 1
19 1 0 0 0 0 1 1 1 0 1 1 0 1 1 1 1 1 0 0
25 1 0 0 0 1 1 0 0 1 0 1 0 0 0 1 1 0 1 0 1 1 0 1 1 0
29 1 1 1 0 1 1 0 0 1 0 1 1 0 1 1 1 0 1 1 0 0 0 0 1 1 1 0 1 0
Words set: number_words = 5
6 g p z p g e 
2 r s 
2 h i 
1 h 
5 l m t i d 
30 1 0 0 0 0 1 1 0 0 1 1 0 0 0 1 1 1 1 0 0 1 1 0 0 0 0 1 1 1 0
10 1 1 0 1 1 1 1 1 0 0
10 1 0 0 0 1 1 0 0 1 0
5 1 0 0 0 1
24 1 0 1 0 1 1 0 1 1 0 1 1 1 0 1 1 0 0 1 0 1 1 0 1
Words set: number_words = 5
2 m u 
3 c j e 
5 z h a g l 
1 o 
4 z k n m 
10 1 0 1 1 0 1 1 1 1 0
13 1 1 0 0 1 0 0 1 1 1 1 1 0
25 1 0 0 0 1 1 1 0 0 0 1 1 0 1 0 1 0 0 0 0 1 0 1 0 1
5 1 1 0 0 0
21 1 0 0 0 1 1 1 0 1 0 0 1 0 1 1 1 1 0 1 1 0
Words set: number_words = 5
1 x 
1 l 
2 k t 
3 x x b 
4 t o x y 
6 1 0 0 0 0 1
5 1 0 1 0 1
10 1 0 1 0 0 1 1 1 0 1
16 1 0 0 0 0 1 1 0 0 0 0 1 1 0 1 1
22 1 1 1 0 1 1 1 0 0 0 1 0 0 0 0 1 1 0 0 0 1 0
Words set: number_words = 5
3 o f p 
5 i z e x v 
4 n h j o 
1 s 
3 d a x 
14 1 1 0 0 0 1 1 1 1 1 1 0 0 1
26 1 0 0 1 0 1 0 0 0 1 1 1 1 1 0 1 0 0 0 0 1 1 1 1 1 1
20 1 0 1 1 1 1 0 0 0 1 1 0 0 1 1 1 1 0 0 0
5 1 1 1 0 0
14 1 1 0 1 1 0 1 0 1 0 0 0 0 1
Words set: number_words = 5
1 r 
1 q 
2 v q 
1 g 
6 w f j b a z 
5 1 1 0 1 1
5 1 1 0 1 0
10 1 1 1 1 1 1 1 0 1 0
5 1 0 0 0 0
29 1 0 0 0 0 0 1 1 1 1 1 0 0 1 1 1 0 1 1 1 0 1 0 1 0 0 0 1 1
